3363556.0
17629.216464
17713.5480543
17449.6265306
17533.5265294
17222.0063771
17147.0805513
17087.4885255
16979.4136767
16762.6177015
16611.9708317
16603.2084025
16402.7972704
16386.8554867
16419.741492
16258.3361902
15832.8843803
16022.5520169
15940.4087118
15902.5815248
15857.623208
15810.3567744
15887.3500319
15914.640057
15835.7062247
15912.62941
16005.3762373
16161.226662
16125.8263536
16298.5749836
16228.8617605
16466.2914938
16563.367569
16621.5640068
16669.2547183
16799.2389287
17119.4607773
17256.7402752
17432.7087996
17563.9776743
17463.0873646
17968.6351231
17993.715194
18080.8625642
18283.2999447
18451.4409771
18618.7501346
18850.3944387
18999.4520891
19220.4186501
19499.2307827
19757.3103153
19692.2517112
20068.4754661
20164.6676994
20417.988256
20650.7076149
20882.4236868
20970.9614439
21153.9458708
21325.3815913
21527.0789332
21816.9689913
21803.9664889
22105.6650466
22241.1391636
22421.5173045
22494.8189755
22801.4613401
22840.9393565
22853.5474487
22896.0472282
23160.8126619
23303.8311397
23446.7121365
23440.8481069
23434.9871486
23915.9760612
23608.7362349
23862.0683855
23970.1095424
24077.8988282
24193.3371692
24416.7145151
24322.533885
24195.2372428
24498.1083668
24470.4732109
24614.2068326
24443.8245237
24510.6748251
25053.7596016
24613.1051795
24847.8984988
24878.3309369
25141.0879279
24970.1691471
24906.6648234
25255.9292202
25228.2723355
25072.1094011
25492.8140982
25435.0207737
25466.7926313
25696.7017059
25617.7736099
26010.1055605
25959.4713051
26301.9082547
26503.91825
27117.2890087
27518.5668652
29080.7046331
38811.7704988
74590.7989877
88644.3712155
89768.4616263
94378.1372431
110372.904215
110865.007522
112679.617396
124404.930999
123837.588815
130148.193016
134857.804161
85235.7650758
54731.2518804
50172.1463798
47997.2423711
48012.4020166
47015.8033146
46735.5588838
46574.1465087
47358.1361634
47820.6637078
48030.9537967
49301.7408366
42923.1441051
34015.2006881
35342.9948126
39927.9002621
66769.9081122
212220.001874
218496.331797
240601.033491
254650.453083
281877.428884
280189.891194
285727.822348
292008.248237
312274.029916
318314.234713
311023.190717
187512.551464
83511.0325186
125295.534499
122228.671983
123401.480666
125722.121157
167276.48808
174666.988125
177026.635059
188994.981526
257363.652994
260256.154499
255687.045042
116075.785424
122478.731131
118539.81405
119430.72891
120985.938964
151944.65828
170986.080676
171902.897286
163295.871859
239460.5298
251237.596568
245017.982337
162169.321503
44112.9392523
36914.9372474
34583.6666405
33239.7650359
32325.0337979
32473.8695907
31731.8266979
31816.3233147
31756.4515513
31706.9268722
31732.0648594
32341.305197
32356.1558195
32520.5762564
32466.4303527
32228.4187626
32664.0405966
32530.0496834
32364.2762268
33071.8308362
32892.6721986
33231.6944238
33294.5878678
33510.4415558
33423.7584457
33613.2099913
33599.4411293
33707.1549235
33993.6235746
33981.0968108
34127.4675316
34327.1044436
34339.076953
34595.0670914
34512.6236338
34716.905347
34684.8228363
34891.5402892
34920.3857535
35223.4719294
35099.0512927
35415.2588933
35102.516778
35512.4623737
35479.8629258
35251.9297846
35875.401683
35663.3029408
35580.4513077
35691.9109372
35885.0977114
35717.2915089
35859.2690074
36090.89325
36351.6282165
36405.7723573
36666.1482367
36326.2148941
36687.4145907
36919.752859
36866.114073
37186.7451287
37364.2565203
37819.8087849
37681.7892252
37752.2327108
38064.4054786
37895.1103039
38287.6120526
38657.1337085
38994.5854995
39032.6370057
38966.2788061
39484.9460912
40281.5061304
40293.8518391
40609.8269909
41463.6864402
40781.8304391
40868.9610824
41343.5896714
41577.8774765
42080.7016127
42497.0581974
42532.3010592
43547.0288836
44247.9182638
46765.8160908
59303.29055
334490.956317
53326.2544953
47018.2721416
45357.3785793
45602.9194872
51183.5665563
45830.0216712
45762.5327551
45826.5916483
45873.1506597
45978.3559758
46667.2357987
46126.5229633
46307.9942193
46104.1332672
46752.0379588
46456.5534128
46581.9390905
46601.1205894
46715.719656
46600.3155098
47107.8072338
46924.6987994
47176.4979255
46873.3254504
47297.0444513
47379.6953377
47438.8212738
47363.9997034
47570.0890515
47838.6955699
48054.1293096
47879.3122556
47783.0850134
47758.0860459
48458.9530469
48822.9369583
48751.8795714
48489.6894786
48367.8636389
48682.5318112
48957.6649688
49384.0817431
49356.5962528
49372.8134693
49716.482941
49399.6280845
50341.2121336
50249.9420573
50293.1122357
51174.7914032
50640.9641539
51230.9925208
51871.6855562
51595.8561531
52157.2884197
52238.0429208
52841.8224778
52751.2353232
52925.7338944
53173.4624378
53310.4524595
53782.0581401
53686.1569779
54442.3047813
54598.6816777
54702.4400136
55481.6943516
55155.579781
55268.9987995
55772.5681099
56165.6102514
56221.5113632
56977.8816665
56651.2947097
56869.9671469
57544.6993271
57860.7413758
57769.0357445
57562.1793387
57183.8442263
57905.8706141
57631.1278248
58193.1574123
57834.9893183
58441.2916619
58286.4047434
58429.4262229
58386.5419108
57994.8735896
57841.2826207
58396.9409437
58694.0933536
58298.2433845
58669.6966694
57998.6918087
58356.6245542
58754.0907972
57986.9865877
58764.0435769
59183.4638327
59087.9367048
58538.8208715
58428.6229677
58966.7539719
59212.7253553
59328.58216
59254.4873032
59336.5107345
58967.9735363
59624.7956952
59443.8671174
59951.2682323
59892.1831345
60568.2339387
60482.9515747
61050.1487508
60601.329751
61021.3845935
60259.9539114
61031.6311326
61419.6067901
61445.0040399
61176.3603451
61857.554412
62346.9346968
62032.3658996
62829.2347332
62697.6388825
62432.7063396
63313.8616467
63466.122204
63506.3211063
63809.5519298
63726.1889025
64041.4813061
64725.5964675
64935.9594944
64426.3194745
64510.85502
65008.3821378
64877.9772129
65845.7307683
65783.2816702
65741.0183392
66210.6921457
66324.9430773
66122.9934468
65840.838282
67033.8130421
66849.5159676
66534.3590981
66882.7430004
66639.6780164
66801.8701114
66833.1107206
66668.7775705
66676.2649764
65960.2823319
66151.6910728
67081.4125032
66715.8602143
66076.6660265
66541.10615
66435.436034
66510.1440163
66234.3092264
66162.5222055
66416.2023061
66751.0443581
66575.1030503
66160.0795825
66059.8493072
66567.0083856
66400.9441815
66295.2352413
66012.627586
66044.1263956
65863.4751634
65945.1496012
66310.1743633
65921.7312537
66474.9445169
66524.1988403
66289.9742061
66550.8614005
67136.9908891
66900.1375543
66787.0096108
66532.7695195
67280.8244308
67509.6700398
67319.4119854
67932.8474813
67562.9682698
68557.7270106
68532.2771944
68480.290435
67881.0230598
68773.2030859
68561.9702683
68157.0895898
68154.5732631
69216.1851539
69100.4378785
69771.3289261
69941.3375867
69598.374698
69980.8595613
70135.9642135
69990.0697407
70782.8346338
70853.8170792
70615.8853811
70629.3394796
70811.6244353
70521.1996493
70752.662502
71447.1439048
70754.897907
71851.2810041
71019.0587092
71319.8763978
72058.442589
71563.0064196
71611.3454324
72162.7481569
71290.9858002
71079.0221467
71442.2133328
71234.4732881
71216.8088172
72055.5605948
70955.616774
71378.7566026
70921.0808548
71259.5851595
70945.8035561
71485.5526878
70856.8629676
71547.4693759
71197.304006
70455.1525039
71373.0489987
72826.0
71752.5348552
71715.5283524
72004.5894582
72233.6973142
71375.7203661
72554.2780918
72292.9089074
72616.6752244
72716.1695311
72616.9722241
73809.9985564
73126.5794855
73629.1156275
74144.8439954
74891.6349452
76015.4559059
76224.658152
76037.796216
77344.4399392
76873.1710408
78501.1497649
79184.497691
79556.3679175
81302.3349608
81830.5949703
82321.8164626
86660.8486365
89303.1143275
91396.3001067
94165.6134756
96364.6606608
98850.2821572
102420.367759
107299.830854
113740.329342
120887.682676
133503.652207
151902.463715
183374.980396
258347.396831
693760.658185
4051683.72851
5872258.03237
6044372.04894
6159428.65833
6290547.33262
6113352.6505
5970451.92078
6387965.664
6746637.01477
6502981.71509
6922471.01546
6939776.61991
6884915.96131
8174045.23396
4326930.99327
625864.934347
333974.39901
238224.151665
194176.816248
172042.363486
158034.351456
149141.01814
143874.824608
141233.752371
139193.966973
140413.755491
146225.557223
158752.143341
182313.911113
240894.899911
807154.460465
3019213.67949
3610482.45585
3569064.17074
3907351.40141
3739236.11955
3793721.44797
3810968.99232
4073501.02084
3945386.78542
4367557.30447
4487179.14967
4193882.09346
3887621.89763
5969949.67518
857203.792477
263504.5127
176394.327321
142587.436297
124178.055735
113582.1039
107096.206567
101799.457934
98921.6957906
95416.1707027
94124.5248601
92432.7877912
91051.7107548
89862.1987869
89573.4140934
85751.6631342
85259.6308353
85019.5600838
84941.3480985
84381.2621878
83854.9034991
83790.658606
82957.3401866
83274.3652579
83552.0976659
83689.3218018
84370.4062306
83818.1166216
84337.0340405
84398.862064
85341.6020674
91127.8461595
118457.313433
129877.84019
135011.475964
139079.684713
138566.120137
149128.037026
150513.233644
150409.159739
155356.308807
167164.144666
162061.107132
150965.192252
157775.462699
178358.963236
108471.123157
104986.508617
113220.231649
116492.093176
113579.994447
110541.558169
111033.856642
113198.637104
114589.044841
115176.887828
113931.200159
111140.954795
119416.838583
114447.137292
116677.085625
113623.735719
93034.305487
92113.7252494
92090.895983
93128.4921025
92139.4630847
91880.5557158
92485.3855017
92838.0553092
92770.9411203
93270.9479754
93020.30598
94287.711713
94219.4659342
95447.8135549
97233.3843061
104523.344211
154238.034045
170474.886392
178755.2096
177589.707537
184976.805156
180550.585824
181907.684136
183207.752764
177819.815501
187762.40466
190812.365286
182815.625511
192806.637666
242257.287589
148618.757671
105845.20573
101450.175009
100815.960563
100096.988012
99827.5893398
99333.8803202
99535.6422522
99000.0322529
100078.969439
99416.9991865
100904.996477
99971.2612817
99902.5900336
99849.4055001
99413.3557997
100589.036533
102553.061038
102232.701515
103749.366835
102846.39979
103707.098263
103302.57046
104043.769886
103177.344507
103944.077828
103397.67243
104294.021244
104869.022611
105677.776349
106020.208693
103643.306889
103399.530342
103789.346745
104166.525224
104325.803466
104681.515792
104611.547241
105531.441558
106244.044757
106957.711954
107871.506002
107449.358773
107064.444233
107931.120738
108489.726434
109181.152367
110270.327561
110678.728291
112141.353178
113937.644535
114111.10455
115016.513211
115001.325036
116261.303171
117172.399921
118865.146341
120203.923119
122181.597322
122365.394047
124309.92935
130532.894977
142415.590568
197437.42186
223564.273463
243224.461403
251496.572855
252357.978703
262425.63508
267000.344892
267742.083306
265380.789396
278398.756983
268941.792067
250592.305131
236064.861626
259082.756144
163406.46702
149414.595256
141137.326168
136229.987474
130733.999171
125909.590833
122932.078554
119572.704167
118957.283843
116596.844095
115188.992137
113499.675075
113513.060404
113485.440456
112442.938925
112770.863996
117975.775867
127707.990965
128946.306313
128347.160022
128838.847056
132125.445399
128736.45193
129813.745217
129466.971648
131155.228859
130571.376435
128105.181138
127224.367751
124308.389669
128576.67238
110797.094268
110332.052051
110947.428246
111380.273895
112050.7329
112222.584227
116813.599012
120419.166538
141116.425648
680883.87888
322089.044915
343937.404292
134100.987065
120156.757815
115466.534239
112675.042754
112513.259539
111957.360768
110629.336732
111902.555548
110546.657436
110743.895751
109879.34175
110362.263541
111651.439204
109783.520252
109551.383983
109077.164294
108674.996383
107260.188052
108172.613081
108882.908355
108087.630316
108792.781371
106654.794756
106399.230416
106013.532391
104417.03175
105406.993645
105389.562178
104360.785057
104610.564946
104660.386525
103193.733377
104164.024856
103694.331731
106831.03058
179830.170389
107719.045567
104546.113847
101580.249266
101108.024978
100501.679585
101400.055229
101254.610359
100174.111774
101033.646195
102651.421056
106547.342537
117661.906385
113602.926941
105797.024617
100774.035017
100230.246137
99485.7432199
98550.0240692
97208.9794473
102858.673804
97980.1608815
98094.4461281
99670.9473232
98378.6885145
99396.3851568
100021.722192
105961.395299
124999.779708
193737.59333
108767.788837
101720.052731
99331.6998351
98467.9035293
100857.181471
102547.770687
765182.610813
103268.06952
98615.5658942
98049.2828357
97713.1362951
100128.364448
97423.1924577
98420.6826885
102360.981047
100853.728145
100222.943008
101633.503088
113833.524296
2335650.55048
119101.780765
102081.243343
97570.649599
95650.9027323
95453.7853975
94813.7965878
94781.1583952
94451.5940471
93543.9201253
92571.1302639
92019.3073321
92388.2952431
91891.8626551
90088.7783736
91485.4501071
89949.0649802
88743.2972268
90106.9362829
88935.3702655
88723.0921099
87942.6965848
87763.1225745
87645.9176931
87625.2003385
86331.2019569
86248.5562817
86315.7744987
85737.8118022
85654.5880512
86240.2978147
85630.8953104
86385.3594249
87531.9757322
89532.1287365
87337.7683574
87385.7827415
85247.5028124
85425.9559207
83786.2292056
84636.1730773
84020.5609821
84145.6573219
84284.0401938
83570.6000157
83690.9121011
83181.4867821
83403.908858
83153.4709165
83317.2481912
83156.1972026
83693.9292133
83019.8687972
83024.7667441
82565.9061831
83326.3174968
83388.936648
82785.0811828
83470.1507906
82495.6397252
82890.5805668
83368.8891791
82928.7394679
82641.3466955
82859.5915863
82946.656471
82649.1557097
82986.1583697
82540.0646205
82126.6170216
81561.4358902
81531.5105537
81201.7443506
80715.5024638
80172.0910135
79657.1292335
79227.1007824
79150.8388449
79647.2776411
83813.0169326
84182.0729645
78601.7544565
76518.2042998
75920.0779157
74678.5367327
74526.0094715
74106.6531354
74746.2675747
72663.1965253
72692.6800066
71937.1333808
71569.8440858
70880.9311307
71556.4243888
70261.8321958
70989.0746889
70421.52316
69976.9111619
69381.302732
69285.1886903
69322.77578
69147.6123805
69390.3681802
68877.7356026
69034.0518896
69220.6912111
70314.2556873
70399.540362
70750.3596819
71581.9572482
72217.4347725
73668.1311984
74783.4746898
76807.815468
77379.9157143
78566.2537952
80675.1553682
80951.9693077
84081.4619826
85048.7495864
87541.3654596
90063.9345811
101586.374895
92408.9527808
93473.3477936
95320.3727971
96894.2525546
96729.6220642
96485.3537648
